macierz A
              1	        0.57735	           0.25	      0.0894427	      0.0277778	     0.00771356	     0.00195312	
        0.57735	              1	        0.57735	           0.25	      0.0894427	      0.0277778	     0.00771356	
           0.25	        0.57735	              1	        0.57735	           0.25	      0.0894427	      0.0277778	
      0.0894427	           0.25	        0.57735	              1	        0.57735	           0.25	      0.0894427	
      0.0277778	      0.0894427	           0.25	        0.57735	              1	        0.57735	           0.25	
     0.00771356	      0.0277778	      0.0894427	           0.25	        0.57735	              1	        0.57735	
     0.00195312	     0.00771356	      0.0277778	      0.0894427	           0.25	        0.57735	              1	

Lambdy - wartosci wlasne:
        2.47788	        2.54658	        2.55813	        2.56023	        2.56061	        2.56068	        2.56069	        2.56069	        2.56069	        2.56069	        2.56069	        2.56069	
      0.0559405	        1.08654	        1.09403	        1.09502	        1.09515	        1.09517	        1.09517	        1.09517	        1.09517	        1.09517	        1.09517	        1.09517	
      0.0018787	       0.395841	       0.397785	       0.398414	       0.398616	        0.39868	       0.398701	       0.398707	       0.398709	        0.39871	        0.39871	        0.39871	
    5.41047e-05	       0.225158	       0.225158	       0.225167	       0.225763	       0.262914	        1.18674	        1.78388	        1.79918	        1.79942	        1.79943	        1.79943	
    5.41047e-05	       0.225158	       0.225158	       0.225158	       0.225158	       0.225158	       0.225158	       0.225158	       0.225158	       0.225158	       0.225158	       0.225158	
    3.81261e-10	       0.336517	       0.641732	       0.641732	       0.641732	       0.641732	       0.641732	       0.641732	       0.641732	       0.641732	       0.641732	       0.641732	
    3.81261e-10	    1.23553e-08	       0.278705	        0.27911	        0.27911	        0.27911	        0.27911	        0.27911	        0.27911	        0.27911	        0.27911	        0.27911	

macierz X - wektory wlasne
       0.242606	       0.505513	       0.406041	       0.423063	       0.143873	      -0.490828	      -0.283031	
       0.363043	       0.266095	      -0.428704	       0.474214	      -0.336988	       0.113444	       0.512104	
       0.444425	      -0.233758	      -0.143532	       0.310063	       0.476721	       0.496204	      -0.397043	
       0.472925	      -0.487868	       0.511357	   -1.04883e-06	      -0.526259	   -5.50142e-08	   -1.62851e-13	
       0.444425	      -0.233758	      -0.143528	       -0.31006	       0.476737	      -0.496204	       0.397043	
       0.363043	       0.266095	      -0.428699	      -0.474217	      -0.336964	      -0.113444	      -0.512104	
       0.242606	       0.505513	       0.406045	      -0.423061	       0.143893	       0.490828	       0.283031	

macierz D
        2.56069	    -4.1862e-05	   -3.68365e-11	   -2.22045e-16	    -1.4988e-15	    1.66533e-16	   -9.71445e-16	
    -4.1862e-05	        1.09517	   -4.30731e-06	   -4.70671e-12	   -1.91656e-10	    1.11022e-16	   -2.22045e-16	
   -3.68365e-11	   -4.30731e-06	        0.39871	   -8.50898e-06	   -0.000116128	   -1.19883e-11	              0	
   -1.94289e-16	   -4.70662e-12	   -8.50898e-06	        1.79943	   -4.33674e-05	   -5.17142e-13	   -1.94289e-16	
   -1.49707e-15	   -1.91656e-10	   -0.000116128	   -4.33674e-05	       0.225158	   -1.67666e-07	   -3.73989e-14	
    2.22045e-16	    5.55112e-17	   -1.19883e-11	   -5.17059e-13	   -1.67666e-07	       0.641732	   -1.47203e-10	
   -1.10328e-15	   -1.45717e-16	   -2.77556e-17	   -1.59595e-16	   -3.74024e-14	   -1.47203e-10	        0.27911	

